2554
3152
2981
2779
2558
3
3264
9
1689
1475
2433
1282
3211
2610
1828
807
2545
2125
515
1014
3271
2482
950
1422
2559
220
1551
1347
2785
2785
1817
3324
1408
3016
763
1441
2442
3042
2079
2657
2185
916
1400
2116
3223
1310
2683
2661
1910
811
3151
648
1752
3105
1267
1800
242
1061
2375
1079
442
1790
2023
1726
3160
2364
443
3174
841
2342
1833
451
36
238
3066
2698
162
1718
1701
3195
2486
3159
2225
2186
1980
893
11
1028
889
1524
1749
2460
2570
2579
2965
216
20
3191
206
121
1011
347
3208
125
704
875
1
14
2206
567
2523
74
2379
260
21
647
3306
2529
153
2115
3356
15
1780
49
2226
3108
21
2
4
5
200
133
56
3169
141
143
2780
19
763
2551
70
2873
2908
2367
2874
2909
226
2140
53
104
100
865
1123
1863
572
102
2873
2873
2140
1480
1672
3396
3375
3191
2843
2033
1534
2537
2176
38
2563
781
2145
1399
2799
2845
2444
3392
2302
2962
1295
838
1128
790
1920
13
3341
3342
